6f
00
80
00
6f
00
00
00
37
11
00
00
13
01
01
80
ef
00
80
1e
6f
00
00
00
13
01
01
fc
23
2e
11
02
23
2c
81
02
13
04
01
04
23
26
a4
fc
23
24
b4
fc
93
05
01
00
13
8e
05
00
83
25
c4
fc
93
85
15
00
13
85
f5
ff
23
20
a4
fe
13
85
05
00
13
03
05
00
93
03
00
00
13
55
b3
01
93
96
53
00
b3
06
d5
00
13
16
53
00
93
86
05
00
13
88
06
00
93
08
00
00
93
56
b8
01
93
97
58
00
b3
87
f6
00
13
17
58
00
93
87
05
00
93
97
27
00
93
87
f7
00
93
d7
47
00
93
97
47
00
33
01
f1
40
93
07
01
00
93
87
37
00
93
d7
27
00
93
97
27
00
23
2e
f4
fc
23
26
04
fe
93
07
20
00
23
24
f4
fe
6f
00
80
02
03
27
c4
fd
83
27
84
fe
93
97
27
00
b3
07
f7
00
13
07
10
00
23
a0
e7
00
83
27
84
fe
93
87
17
00
23
24
f4
fe
03
27
84
fe
83
27
c4
fc
e3
da
e7
fc
93
07
20
00
23
24
f4
fe
6f
00
c0
08
03
27
c4
fd
83
27
84
fe
93
97
27
00
b3
07
f7
00
03
a7
07
00
93
07
10
00
63
12
f7
06
83
27
c4
fe
13
87
17
00
23
26
e4
fe
93
97
27
00
03
27
84
fc
b3
07
f7
00
03
27
84
fe
23
a0
e7
00
83
27
84
fe
93
97
17
00
23
22
f4
fe
6f
00
80
02
03
27
c4
fd
83
27
44
fe
93
97
27
00
b3
07
f7
00
23
a0
07
00
03
27
44
fe
83
27
84
fe
b3
07
f7
00
23
22
f4
fe
03
27
44
fe
83
27
c4
fc
e3
da
e7
fc
83
27
84
fe
93
87
17
00
23
24
f4
fe
03
27
84
fe
83
27
c4
fc
e3
d8
e7
f6
83
27
c4
fe
13
01
0e
00
13
85
07
00
13
01
04
fc
83
20
c1
03
03
24
81
03
13
01
01
04
67
80
00
00
13
01
01
fd
23
26
11
02
23
24
81
02
13
04
01
03
23
2e
a4
fc
23
2c
b4
fc
83
27
c4
fd
83
a7
07
00
23
26
f4
fe
83
25
84
fd
03
25
c4
fe
ef
f0
1f
e4
23
24
a4
fe
83
27
84
fe
13
85
07
00
83
20
c1
02
03
24
81
02
13
01
01
03
67
80
00
00
13
01
01
fe
23
2e
11
00
23
2c
81
00
13
04
01
02
b7
47
00
00
93
87
07
e0
23
26
f4
fe
b7
47
00
00
93
87
07
f0
23
24
f4
fe
83
25
84
fe
03
25
c4
fe
ef
f0
5f
f8
23
22
a4
fe
83
27
44
fe
13
85
07
00
83
20
c1
01
03
24
81
01
13
01
01
02
67
80
00
00
