13
00
00
00
03
21
40
00
b7
a0
00
00
b3
81
20
00
33
82
20
40
b3
f2
20
00
33
e3
20
00
b3
c3
20
00
33
d4
20
00
b3
d4
20
40
b3
a5
20
00
33
b6
20
00
b3
86
20
02
33
c7
20
02
93
87
f0
00
13
f8
f0
00
93
e8
00
01
13
49
f1
ff
93
99
40
06
13
da
40
06
93
0a
f0
ff
13
db
4a
46
93
ab
40
06
13
bc
f0
ff
63
04
00
00
13
00
00
00
13
00
00
00
13
00
00
00
13
00
00
00
63
94
20
00
13
00
00
00
13
00
00
00
13
00
00
00
13
00
00
00
63
44
2b
00
13
00
00
00
13
00
00
00
13
00
00
00
13
00
00
00
63
d4
20
00
13
00
00
00
13
00
00
00
13
00
00
00
13
00
00
00
63
64
61
01
13
00
00
00
13
00
00
00
13
00
00
00
13
00
00
00
63
74
2b
00
13
00
00
00
13
00
00
00
13
00
00
00
13
00
00
00
23
28
20
01
ef
0c
80
00
13
00
00
00
13
00
00
00
13
00
00
00
13
00
00
00
67
0d
c0
f0
13
00
00
00